overall accuracy:  0.884375
                         precision    recall  f1-score   support

             Andre Gide       0.94      0.85      0.89        20
                 Celine       1.00      1.00      1.00        20
                Colette       0.95      0.95      0.95        20
              Giraudoux       1.00      0.70      0.82        20
        Gobineau Joseph       1.00      0.55      0.71        20
               Huysmans       0.94      0.80      0.86        20
             Jean Giono       1.00      0.55      0.71        20
       Jean Paul Sartre       0.87      1.00      0.93        20
         Joseph Malegue       1.00      1.00      1.00        20
            Jules Verne       1.00      1.00      1.00        20
             Maupassant       0.57      1.00      0.73        20
Maxence Van Der Meersch       1.00      0.75      0.86        20
                 Proust       0.87      1.00      0.93        20
     Simone de Beauvoir       0.95      1.00      0.98        20
                  Vogüé       1.00      1.00      1.00        20
                   Zola       0.62      1.00      0.77        20

              micro avg       0.88      0.88      0.88       320
              macro avg       0.92      0.88      0.88       320
           weighted avg       0.92      0.88      0.88       320

[[17  0  0  0  0  0  0  0  0  0  2  0  1  0  0  0]
 [ 0 20  0  0  0  0  0  0  0  0  0  0  0  0  0  0]
 [ 0  0 19  0  0  0  0  0  0  0  0  0  0  0  0  1]
 [ 0  0  1 14  0  0  0  0  0  0  3  0  1  0  0  1]
 [ 0  0  0  0 11  1  0  0  0  0  4  0  1  1  0  2]
 [ 0  0  0  0  0 16  0  0  0  0  0  0  0  0  0  4]
 [ 1  0  0  0  0  0 11  2  0  0  5  0  0  0  0  1]
 [ 0  0  0  0  0  0  0 20  0  0  0  0  0  0  0  0]
 [ 0  0  0  0  0  0  0  0 20  0  0  0  0  0  0  0]
 [ 0  0  0  0  0  0  0  0  0 20  0  0  0  0  0  0]
 [ 0  0  0  0  0  0  0  0  0  0 20  0  0  0  0  0]
 [ 0  0  0  0  0  0  0  1  0  0  1 15  0  0  0  3]
 [ 0  0  0  0  0  0  0  0  0  0  0  0 20  0  0  0]
 [ 0  0  0  0  0  0  0  0  0  0  0  0  0 20  0  0]
 [ 0  0  0  0  0  0  0  0  0  0  0  0  0  0 20  0]
 [ 0  0  0  0  0  0  0  0  0  0  0  0  0  0  0 20]]
