overall accuracy:  0.5875
                         precision    recall  f1-score   support

             Andre Gide       1.00      0.45      0.62        20
                 Celine       0.90      0.95      0.93        20
                Colette       0.73      0.55      0.63        20
              Giraudoux       0.89      0.40      0.55        20
        Gobineau Joseph       0.57      0.20      0.30        20
               Huysmans       1.00      0.15      0.26        20
             Jean Giono       1.00      0.25      0.40        20
       Jean Paul Sartre       0.67      0.60      0.63        20
         Joseph Malegue       0.75      0.75      0.75        20
            Jules Verne       0.77      0.85      0.81        20
             Maupassant       0.21      0.90      0.34        20
Maxence Van Der Meersch       0.86      0.60      0.71        20
                 Proust       0.79      0.95      0.86        20
     Simone de Beauvoir       0.88      0.35      0.50        20
                  Vogüé       0.92      0.55      0.69        20
                   Zola       0.38      0.90      0.53        20

            avg / total       0.77      0.59      0.59       320

[[ 9  0  0  0  0  0  0  0  2  0  3  0  4  0  1  1]
 [ 0 19  0  0  1  0  0  0  0  0  0  0  0  0  0  0]
 [ 0  0 11  1  0  0  0  0  0  0  7  0  0  0  0  1]
 [ 0  0  0  8  0  0  0  0  0  0 12  0  0  0  0  0]
 [ 0  0  2  0  4  0  0  0  0  0 11  1  0  0  0  2]
 [ 0  0  0  0  0  3  0  0  1  2  6  0  1  0  0  7]
 [ 0  2  0  0  0  0  5  4  0  0  8  0  0  1  0  0]
 [ 0  0  0  0  0  0  0 12  0  1  4  1  0  0  0  2]
 [ 0  0  0  0  0  0  0  0 15  0  1  0  0  0  0  4]
 [ 0  0  0  0  0  0  0  0  0 17  1  0  0  0  0  2]
 [ 0  0  0  0  0  0  0  0  0  0 18  0  0  0  0  2]
 [ 0  0  0  0  0  0  0  1  1  0  5 12  0  0  0  1]
 [ 0  0  0  0  0  0  0  0  0  0  1  0 19  0  0  0]
 [ 0  0  1  0  1  0  0  1  0  1  6  0  0  7  0  3]
 [ 0  0  1  0  0  0  0  0  1  1  1  0  0  0 11  5]
 [ 0  0  0  0  1  0  0  0  0  0  1  0  0  0  0 18]]

